A						
0.000000        0.000000        0.000000        0.000000        0.000000        0.000000						
0.000000        3.141593        6.283185        9.424778        12.566371       15.707963						
0.000000        6.283185        12.566371       18.849556       25.132741       31.415927						
0.000000        9.424778        18.849556       28.274334       37.699112       47.123890						
0.000000        12.566371       25.132741       37.699112       50.265482       62.831853						
0.000000        15.707963       31.415927       47.123890       62.831853       78.539816						
B						
1.000000        2.718218        7.388710        20.084128       54.593042       148.395802						
2.718218        7.388710        20.084128       54.593042       148.395802      403.372178						
7.388710        20.084128       54.593042       148.395802      403.372178      1096.453614						
20.084128       54.593042       148.395802      403.372178      1096.453614     2980.400219						
54.593042       148.395802      403.372178      1096.453614     2980.400219     8101.378255						
148.395802      403.372178      1096.453614     2980.400219     8101.378255     22021.314189						
myid C 0						
						
0.000000        0.000000        0.000000        0.000000        0.000000        0.000000						
3261.284825     8864.883916     24096.689208    65500.060270    178043.458934   483960.978639						
6522.569650     17729.767832    48193.378415    131000.120540   356086.917868   967921.957278						
9783.854474     26594.651747    72290.067623    196500.180810   534130.376803   1451882.935917						
13045.139299    35459.535663    96386.756831    262000.241081   712173.835737   1935843.914556						
16306.424124    44324.419579    120483.446038   327500.301351   890217.294671   2419804.893195						
