A
0.000000        0.000000        0.000000        0.000000        0.000000        0.000000        0.000000        0.000000        0.000000        0.000000        0.000000        0.000000
0.000000        3.141593        6.283185        9.424778        12.566371       15.707963       18.849556       21.991149       25.132741       28.274334       31.415927       34.557519
0.000000        6.283185        12.566371       18.849556       25.132741       31.415927       37.699112       43.982297       50.265482       56.548668       62.831853       69.115038
0.000000        9.424778        18.849556       28.274334       37.699112       47.123890       56.548668       65.973446       75.398224       84.823002       94.247780       103.672558
0.000000        12.566371       25.132741       37.699112       50.265482       62.831853       75.398224       87.964594       100.530965      113.097336      125.663706      138.230077
0.000000        15.707963       31.415927       47.123890       62.831853       78.539816       94.247780       109.955743      125.663706      141.371669      157.079633      172.787596
0.000000        18.849556       37.699112       56.548668       75.398224       94.247780       113.097336      131.946891      150.796447      169.646003      188.495559      207.345115
0.000000        21.991149       43.982297       65.973446       87.964594       109.955743      131.946891      153.938040      175.929189      197.920337      219.911486      241.902634
0.000000        25.132741       50.265482       75.398224       100.530965      125.663706      150.796447      175.929189      201.061930      226.194671      251.327412      276.460154
0.000000        28.274334       56.548668       84.823002       113.097336      141.371669      169.646003      197.920337      226.194671      254.469005      282.743339      311.017673
0.000000        31.415927       62.831853       94.247780       125.663706      157.079633      188.495559      219.911486      251.327412      282.743339      314.159265      345.575192
0.000000        34.557519       69.115038       103.672558      138.230077      172.787596      207.345115      241.902634      276.460154      311.017673      345.575192      380.132711
B
1.000000        2.718218        7.388710        20.084128       54.593042       148.395802      403.372178      1096.453614     2980.400219     8101.378255     22021.314189    59858.738028
2.718218        7.388710        20.084128       54.593042       148.395802      403.372178      1096.453614     2980.400219     8101.378255     22021.314189    59858.738028    162709.113885
7.388710        20.084128       54.593042       148.395802      403.372178      1096.453614     2980.400219     8101.378255     22021.314189    59858.738028    162709.113885   442278.882138
20.084128       54.593042       148.395802      403.372178      1096.453614     2980.400219     8101.378255     22021.314189    59858.738028    162709.113885   442278.882138   1202210.527205
54.593042       148.395802      403.372178      1096.453614     2980.400219     8101.378255     22021.314189    59858.738028    162709.113885   442278.882138   1202210.527205  3267870.590467
148.395802      403.372178      1096.453614     2980.400219     8101.378255     22021.314189    59858.738028    162709.113885   442278.882138   1202210.527205  3267870.590467  8882785.464261
403.372178      1096.453614     2980.400219     8101.378255     22021.314189    59858.738028    162709.113885   442278.882138   1202210.527205  3267870.590467  8882785.464261  24145349.523411
1096.453614     2980.400219     8101.378255     22021.314189    59858.738028    162709.113885   442278.882138   1202210.527205  3267870.590467  8882785.464261  24145349.523411 65632329.628280
2980.400219     8101.378255     22021.314189    59858.738028    162709.113885   442278.882138   1202210.527205  3267870.590467  8882785.464261  24145349.523411 65632329.628280 178402995.916816
8101.378255     22021.314189    59858.738028    162709.113885   442278.882138   1202210.527205  3267870.590467  8882785.464261  24145349.523411 65632329.628280 178402995.916816        484938278.625133
22021.314189    59858.738028    162709.113885   442278.882138   1202210.527205  3267870.590467  8882785.464261  24145349.523411 65632329.628280 178402995.916816        484938278.625133        1318168077.096406
59858.738028    162709.113885   442278.882138   1202210.527205  3267870.590467  8882785.464261  24145349.523411 65632329.628280 178402995.916816        484938278.625133        1318168077.096406       3583068518.332431
myid C 0

0.000000        0.000000        0.000000        0.000000        0.000000        0.000000        0.000000        0.000000        0.000000        0.000000        0.000000        0.000000
3099333.123583  8424663.846659  22900074.983600 62247401.653006 169202022.933352        459928025.981406        1250184752.025542       3398275003.707548       9237253119.679379       25108869971.951672      68251388491.805161      185522169506.748047
6198666.247165  16849327.693317 45800149.967200 124494803.306011        338404045.866704        919856051.962812        2500369504.051085       6796550007.415095       18474506239.358757      50217739943.903343      136502776983.610321 371044339013.496094
9297999.370748  25273991.539976 68700224.950801 186742204.959017        507606068.800056        1379784077.944218       3750554256.076628       10194825011.122643      27711759359.038136      75326609915.855026      204754165475.415497 556566508520.244141
12397332.494330 33698655.386634 91600299.934401 248989606.612022        676808091.733408        1839712103.925624       5000739008.102170       13593100014.830191      36949012478.717514      100435479887.806686     273005553967.220642 742088678026.992188
15496665.617913 42123319.233293 114500374.918001        311237008.265028        846010114.666760        2299640129.907030       6250923760.127713       16991375018.537741      46186265598.396896      125544349859.758392     341256942459.025879  927610847533.740356
18595998.741495 50547983.079952 137400449.901601        373484409.918034        1015212137.600112       2759568155.888435       7501108512.153255       20389650022.245285      55423518718.076271      150653219831.710052     409508330950.830994  1113133017040.488281
21695331.865078 58972646.926610 160300524.885202        435731811.571039        1184414160.533464       3219496181.869842       8751293264.178799       23787925025.952835      64660771837.755646      175762089803.661743     477759719442.636230  1298655186547.236328
24794664.988660 67397310.773269 183200599.868802        497979213.224045        1353616183.466816       3679424207.851247       10001478016.204340      27186200029.660381      73898024957.435028      200870959775.613373     546011107934.441284  1484177356053.984375
27893998.112243 75821974.619927 206100674.852402        560226614.877050        1522818206.400168       4139352233.832653       11251662768.229883      30584475033.367931      83135278077.114410      225979829747.565094     614262496426.246582  1669699525560.732422
30993331.235826 84246638.466586 229000749.836002        622474016.530056        1692020229.333520       4599280259.814059       12501847520.255426      33982750037.075481      92372531196.793793      251088699719.516785     682513884918.051758  1855221695067.480713
34092664.359408 92671302.313245